0.5387168316929429
0.3759059020967194
0.5350983460771817
0.5253239837461914
0.5590947628336609
0.4503717277612951
0.5169714635116504
0.48829237301618755
0.4450250826184712
0.5856535304087568
0.5681809264989126
0.6119049463786331
0.5012252691535303
0.44384298324004023
0.47127448752070916
0.5666316177374051
0.5681107349468
0.5292892717130003
0.38958806143038804
0.4247774239052848
0.5388153923409326
0.673001676062007
0.6632472356160481
0.5344028708591959
0.41613278786341346
0.4254622872257645
0.48723594103225326
0.6406052864444108
0.5219593607891373
0.45410821203492646
0.3716427153065091
0.5586012911465432
0.5211318166535578
0.5714151522878445
0.4938816819783478
0.6158042503338234
0.5179336882469661
0.5346679868442672
0.35970559451315137
0.7434518327315649
0.3905115212712969
0.4559580432044135
0.469126384809453
0.3621195277782402
0.687958220483134
0.5161926060720208
0.2855081872989552
0.33343079781492146
0.49572828986026624
0.40361618018812606
0.4233467679470777
0.40630800809179035
0.4874024533090137
0.26936200515836733
0.4567079766320784
0.4025372613359381
0.48030986984570817
0.5723773993196941
0.5225689961875557
0.2801263550153146
0.620518969969144
0.5125160987136032
0.4550913910882003
0.46119226282388215
0.49251585315774987
0.5617094540018641
0.3994741345445315
0.7111242096680603
0.402863210439682
0.5287114447221541
0.524023571552455
0.36578847145476534
0.28632571311116967
0.49141139019963376
0.3790574094290456
0.6583819677690959
0.5489837287687788
0.42927349756161376
0.6128819498419762
0.3028778076171875
0.5835037793431963
0.6102909417958717
0.2843500832716624
0.45476024095658907
0.5142330469908537
0.5489673440523668
0.37138326950962586
0.2697794744124015
0.3967115316126082
0.5258491617637676
0.6036400704355965
0.3035012252774893
0.422819993877537
0.4759078131049791
0.5161801985496485
0.30473685879555956
0.5706653186568508
0.3534727923217274
0.3819354309134506
0.4024271590773154
