0.47794037836569325
0.47749472639777446
0.6141827236296553
0.46876424630939734
0.491919888758365
0.2863373015075922
0.5403781796731646
0.331607760186281
0.32279543631843155
0.5883426194783872
0.36173953648124424
0.5583761708798751
0.5267446488142014
0.392538700758675
0.5088050379446059
0.5182885472421292
0.6112895225635683
0.5379807895421982
0.5139655103936555
0.5833960093833782
0.5727125139700042
0.5084114345135512
0.6046659352464808
0.3183101180916518
0.45287736670838463
0.49121954358119085
0.4271669321802266
0.6348133116960526
0.6291565049868113
0.45692865058907073
0.297967053358517
0.5002631694078445
0.6061019589779553
0.5999093433522216
0.6132302725066742
0.6413408005062272
0.46284360879312747
0.5369872724016508
0.3325013260046641
0.6579397618770599
0.5633101895913597
0.4332154159192686
0.4103079715689298
0.41365854608756236
0.7075750116948728
0.49288639679453733
0.2695266558573796
0.45761562271752343
0.4168045139975018
0.379995724476046
0.5086081478054877
0.2942345660830301
0.4760416037348843
0.3471209233278757
0.4003727759725304
0.4862432231070005
0.4984220034472736
0.5089949323220758
0.42551757664907547
0.27488479255950693
0.6712220315895383
0.559151515957878
0.4572948670846805
0.4724605068527069
0.5377677595615387
0.6291987008263922
0.4749764697419273
0.6235636956529853
0.3881468925720606
0.5070946386290921
0.5125501422127761
0.35870972197306783
0.3731495258193346
0.5875623034713803
0.4321734980458305
0.6043586853120582
0.48590272570877036
0.43603336075468657
0.6128819498419762
0.3028778076171875
0.647285625102028
0.5894414132144176
0.33913291837924564
0.5384115016018903
0.4997540949269979
0.5199608216210017
0.5438028824116502
0.4208666204164425
0.3967115316126082
0.6350859992030493
0.4990216691925628
0.3990314990749546
0.48104494734415937
0.4415518486703288
0.599761081074328
0.235533397822153
0.6869370644843136
0.4726470198659669
0.4062944028848483
0.28157656639814377
