0.5128205128205129
0.08333333333333334
0.20740740740740743
0.52
0.08955223880597013
0.0
0.10909090909090909
0.15748031496062995
0.030769230769230767
0.14634146341463414
0.06451612903225806
0.027777777777777776
0.18
0.10810810810810809
0.07766990291262135
0.16
0.1415929203539823
0.0819672131147541
0.14400000000000002
0.19642857142857142
0.46153846153846156
0.13636363636363635
0.25
0.12
0.13333333333333333
0.18867924528301888
0.20253164556962022
0.23880597014925373
0.04651162790697674
0.19858156028368795
0.07692307692307693
0.14400000000000002
0.19444444444444445
0.45714285714285713
0.08771929824561403
0.07272727272727274
0.20370370370370372
0.24
0.39999999999999997
0.28571428571428575
0.13636363636363635
0.22900763358778625
0.06666666666666667
0.08333333333333333
0.08
0.13043478260869565
0.05263157894736842
0.056074766355140186
0.044444444444444446
0.14754098360655737
0.2137404580152672
0.14285714285714285
0.28571428571428575
0.13333333333333333
0.03773584905660377
0.10344827586206898
0.1568627450980392
0.33557046979865773
0.0930232558139535
0.0
0.23076923076923078
0.2173913043478261
0.049180327868852465
0.05555555555555555
0.16
0.20952380952380953
0.15492957746478875
0.12121212121212122
0.0
0.1391304347826087
0.32394366197183105
0.12658227848101264
0.055045871559633024
0.16296296296296298
0.0
0.3676470588235293
0.14285714285714288
0.16949152542372883
0.21739130434782608
0.25352112676056343
0.05128205128205128
0.03669724770642202
0.12280701754385967
0.16071428571428573
0.19047619047619047
0.09375
0.03669724770642203
0.05084745762711864
0.0
0.2992125984251968
0.03773584905660377
0.128
0.14432989690721648
0.12389380530973451
0.22222222222222227
0.2105263157894737
0.2318840579710145
0.1523809523809524
0.10606060606060606
0.05357142857142857
