0.45956206832219054
0.3259102462174056
0.5861634993019336
0.47617317382304647
0.5390702216529553
0.6339066171397766
0.5129619051539709
0.29382821715172425
0.3552672687977079
0.6298049246823346
0.33100651606680853
0.5349281902601517
0.4470259424896888
0.41500589121070364
0.5629796616507299
0.7648871925510006
0.47989424054670815
0.5417807985865881
0.4684991832704298
0.5780589280935823
0.3584209382534027
0.4842597627765918
0.6374250543082044
0.35327366286633066
0.3813628190093571
0.42423482636610665
0.49854910760014143
0.6374669725696245
0.6389824200850016
0.49563851390129476
0.43240965074963045
0.544417240553432
0.6061019589779553
0.645991491067289
0.38905197617908316
0.5913183585393662
0.4138650626496032
0.5695979666142237
0.390926722685496
0.6544476171334584
0.5790664550176887
0.3960164429964843
0.4088810231370677
0.34569023417814093
0.7075750116948728
0.4746716311674372
0.4289687084846007
0.4871434098617597
0.4058639850881364
0.46919953060292063
0.39685720587575357
0.3494517249720437
0.4795024981574406
0.4499184158962336
0.4779875350346397
0.3573153983169829
0.5349883884664566
0.5744087912733593
0.4158695023211222
0.26996664964890743
0.6152949044628748
0.49918804397525274
0.5695383070277519
0.6013259900185565
0.49251585315774987
0.7105780425744179
0.39767666948430336
0.6985001719187176
0.3860202520512618
0.48496525618012504
0.4634350808214558
0.23168911684674826
0.3980492034798149
0.3845070209166016
0.28825015402757204
0.48795253281240103
0.4566824681618634
0.5327451972661583
0.629921519888772
0.4565390589336554
0.626691208787696
0.49844614144037513
0.2792505308603629
0.49349167570865976
0.49736545296630474
0.4847972396977995
0.36798617367943126
0.4171351916674111
0.36114347643322414
0.5238249765502082
0.6048329674709609
0.3628073997941672
0.6087741041940355
0.35942454858464196
0.6353137492203261
0.49465463026648476
0.6676358111478664
0.5177033781102209
0.47569811298991693
0.28157656639814377
