0.5
0.11320754716981132
0.2191780821917808
0.43749999999999994
0.14705882352941174
0.10169491525423728
0.23728813559322037
0.05263157894736842
0.057971014492753624
0.03448275862068966
0.029850746268656716
0.0588235294117647
0.10989010989010989
0.09374999999999999
0.07766990291262135
0.15384615384615383
0.08928571428571429
0.06956521739130435
0.11382113821138211
0.13592233009708737
0.19047619047619047
0.0909090909090909
0.2727272727272727
0.10909090909090907
0.13333333333333333
0.1081081081081081
0.12698412698412698
0.15625
0.0
0.05357142857142856
0.0
0.08264462809917356
0.19444444444444445
0.3529411764705882
0.10434782608695652
0.03636363636363637
0.1176470588235294
0.10526315789473685
0.2857142857142857
0.30769230769230765
0.15053763440860216
0.10256410256410257
0.01639344262295082
0.0
0.08
0.18181818181818182
0.15
0.03636363636363636
0.0
0.2537313432835821
0.22058823529411764
0.025
0.297029702970297
0.17391304347826086
0.03636363636363636
0.0
0.1694915254237288
0.22058823529411764
0.1149425287356322
0.1925925925925926
0.2608695652173913
0.2773722627737226
0.05042016806722689
0.018691588785046728
0.0
0.14285714285714288
0.0
0.1875
0.0
0.15151515151515152
0.15254237288135591
0.051948051948051945
0.05263157894736842
0.0
0.016666666666666666
0.08547008547008546
0.19672131147540983
0.2601626016260163
0.19047619047619044
0.19178082191780824
0.051948051948051945
0.08264462809917356
0.018518518518518517
0.20512820512820512
0.1
0.16541353383458646
0.03603603603603604
0.017094017094017092
0.0
0.036036036036036036
0.03773584905660377
0.01724137931034483
0.17821782178217824
0.11382113821138212
0.18918918918918917
0.0
0.16666666666666669
0.20869565217391306
0.044444444444444446
0.05357142857142857
