0.6202939142271009
0.350252347371795
0.5170893768592304
0.3800523932683514
0.5157512542142859
0.5125224833175832
0.6591324624561128
0.5078337366924148
0.3301434390759342
0.58451061338068
0.5409333674815777
0.49213265807800044
0.5603489619053148
0.356719238780163
0.4575970425274954
0.5929112243063656
0.6241750761836466
0.31538599762651653
0.39687859904127065
0.4664714501122739
0.6643954780366685
0.6083109634525982
0.3939353074305333
0.5491344011459734
0.6619160381101427
0.3533937509521182
0.46133909264096506
0.5357892779071654
0.5291079582028719
0.6707374249971091
0.47937692645910324
0.5240217893152266
0.5120341787459675
0.6163614386259907
0.6469551620108869
0.6601023384614263
0.4391062412470106
0.4286296951274077
0.4164496885405647
0.7781604969501495
0.5696438237974937
0.45400452400956837
0.4618398165020655
0.4955776712664154
0.6636756592326694
0.5555376921603882
0.25419264929926294
0.515522632049206
0.5300704079204135
0.3983497025238143
0.4103029263963302
0.6153435334296209
0.576691859771335
0.5938121994421353
0.5208686991149284
0.3178514552687377
0.6489255521768406
0.4347313438964667
0.5982127538303923
0.3120442387749133
0.651732634119436
0.5831966460156341
0.3264374514601038
0.6012341470635362
0.4581382484197556
0.5705583133758643
0.6111738915078666
0.6557659731445279
0.42481522897228574
0.37538627451729206
0.4193901692981544
0.49716050022885405
0.39765869418866934
0.39641612711259067
0.37496636927758575
0.5486642708534551
0.47726014984762144
0.4321653123646583
0.554130456654562
0.2886781045684108
0.48865590894979144
0.5829059293996637
0.3367564706131816
0.4626411489041041
0.4620146111617919
0.6165995124506292
0.5058230245425032
0.38225788090641455
0.6416330867343478
0.3564228931553343
0.5705183045557368
0.6064872482317791
0.5632284953206119
0.3488075697079376
0.5621193529903025
0.3844242881214808
0.5827464083830516
0.3782633733418253
0.6247556004710872
0.4710312956875121
