1.0
0.8611111111111112
0.5185185185185186
0.9655172413793104
0.8163265306122449
1.0
0.8750000000000001
1.0
1.0
0.5379310344827586
0.972972972972973
0.8867924528301886
0.975609756097561
0.5809523809523809
0.7299270072992701
1.0
0.7701863354037267
0.5
0.5111111111111111
0.7534246575342465
1.0
0.8524590163934427
0.9508196721311475
0.923076923076923
0.8837209302325582
0.4745762711864407
1.0
0.9514563106796117
1.0
0.7246376811594202
1.0
0.5687203791469193
0.983050847457627
1.0
0.955223880597015
1.0
0.8831168831168831
1.0
1.0
1.0
1.0
0.5751633986928104
0.8310502283105023
0.7782805429864253
1.0
0.7333333333333334
0.5620915032679739
0.7208121827411168
1.0
0.5063291139240507
0.5398773006134968
0.8571428571428571
1.0
1.0
0.8024691358024691
0.37333333333333335
1.0
0.6496815286624203
0.8031496062992126
0.8082901554404145
1.0
1.0
0.8940092165898617
0.8855721393034827
0.9333333333333333
0.5737704918032787
0.3047619047619048
0.9803921568627451
0.37037037037037035
0.4774193548387097
0.702439024390244
0.7047619047619048
0.7692307692307692
0.4230769230769231
0.3497267759562842
0.9528301886792453
0.4137931034482759
0.7169811320754718
1.0
0.6818181818181819
0.5263157894736842
0.8725490196078431
0.7106598984771574
0.8743718592964824
0.7783251231527094
0.7419354838709677
0.6577181208053691
0.7439024390243902
1.0
0.2657342657342658
0.9772727272727273
0.7272727272727271
0.9764705882352941
0.9696969696969697
0.962962962962963
1.0
0.7294117647058824
0.41379310344827586
0.5838509316770186
0.8602150537634409
