1.0
0.8285714285714285
0.3101604278074866
0.937062937062937
0.7916666666666666
0.9803921568627451
0.846153846153846
1.0
1.0
0.5034965034965034
0.9357798165137615
0.8846153846153846
0.9506172839506173
0.4807692307692307
0.7111111111111112
1.0
0.7672955974842767
0.25882352941176473
0.3258426966292135
0.7222222222222221
0.9411764705882353
0.8135593220338982
0.8813559322033899
0.8684210526315789
0.8292682926829269
0.43103448275862066
0.9818181818181818
0.910891089108911
0.9705882352941176
0.6048780487804878
0.9777777777777777
0.38277511961722493
0.9655172413793103
1.0
0.9447236180904524
1.0
0.8552631578947368
0.9333333333333333
1.0
1.0
0.9743589743589743
0.5165562913907286
0.7926267281105991
0.7123287671232876
1.0
0.6949152542372881
0.543046357615894
0.5743589743589743
1.0
0.3333333333333333
0.49689440993788814
0.8225806451612904
1.0
0.9473684210526315
0.7875
0.2027027027027027
0.9736842105263158
0.6193548387096774
0.8
0.7643979057591622
0.9705882352941176
0.9903846153846154
0.8744186046511627
0.8743718592964824
0.8571428571428571
0.5333333333333333
0.028846153846153844
0.92
0.25000000000000006
0.3660130718954248
0.58128078817734
0.6601941747572816
0.6990291262135924
0.1262135922330097
0.0441988950276243
0.9333333333333333
0.34965034965034963
0.6878980891719746
0.9714285714285714
0.6511627906976745
0.47311827956989244
0.8613861386138614
0.6564102564102564
0.8324873096446701
0.6865671641791046
0.641304347826087
0.6394557823129252
0.7160493827160493
1.0
0.1702127659574468
0.9302325581395349
0.6702702702702703
0.9523809523809523
0.9489795918367347
0.9433962264150944
0.9166666666666666
0.6987951807228916
0.38596491228070173
0.5157232704402516
0.8478260869565218
