0.3340142120129217
0.4145228316888263
0.5763930135531152
0.5319345278206304
0.5405458271687413
0.48387352527961847
0.5548609514873495
0.4998402950519818
0.39081411832381807
0.5397662522300841
0.46434647128695533
0.4215631148783989
0.5006931181675123
0.37845228653815055
0.4352062576346927
0.4297192731389293
0.5946545520845454
0.509427510632409
0.3801404664085971
0.4101456006919896
0.5567531158526738
0.8274023176711283
0.4673889694114526
0.4375720177711893
0.39050968090693156
0.4852977108774763
0.45872997165357
0.5680594417163067
0.5810562532605716
0.43488444301473117
0.38057692372609697
0.4268399473693636
0.5897122207615111
0.5653947863464404
0.47663272327433026
0.5478104577929366
0.5103214489258932
0.48765689513039967
0.3086158542169465
0.5324311514695486
0.4445520624787925
0.3784494043815704
0.3741645996448814
0.42229517949845197
0.5556590259075165
0.4670849511955818
0.27763211485157663
0.4419349735734438
0.40751845174365575
0.42567164163504323
0.5154917791095518
0.4641338931189643
0.4582919959038023
0.22631866656816924
0.4127072567153575
0.5467784053705937
0.38532404060716985
0.3835573348008766
0.4497241959685371
0.2559341176962241
0.5213472161974226
0.605072964855239
0.5106031949422798
0.5586223086418464
0.392499436934789
0.4840681792120649
0.415702881415685
0.5081850246514803
0.4893327831648863
0.4574302617637884
0.4778543128319229
0.27694569115053147
0.29380904953434783
0.43797090316460996
0.36018484440587817
0.579834456410673
0.4527409365494007
0.44552380708984396
0.6137937272257276
0.3594647453890906
0.39209754126412527
0.5099753740828594
0.24068265669366234
0.36574447441984104
0.3788698143945284
0.4500856061566233
0.43002339068149764
0.3251238175564342
0.31319580641057754
0.4556875376990347
0.45037849142886044
0.2806205763536341
0.41661545511276
0.3614914771520867
0.37508363481880963
0.3771884423636255
0.40470999589672796
0.3963948304605002
0.3852299120906112
0.4072358031170788
