0.4165649691586772
0.35943378252212443
0.5366098287831
0.49815265009001297
0.5950650506089499
0.5699022875891792
0.5191950704212542
0.40341011260026766
0.4112162717751094
0.5288097027748351
0.2612327682593512
0.5160598496303839
0.4655365277248005
0.4259134058599119
0.5264944153787928
0.6531804253657658
0.6384522962901328
0.4779342800810717
0.34005079145232836
0.5777801302848039
0.5256013696392376
0.5461808405225239
0.5051838995267948
0.3611201170612784
0.3813628190093571
0.4341748265218941
0.43810387124065997
0.6810910275676334
0.5343361381898846
0.5474022323657305
0.36445746369778165
0.5702077845732372
0.6061019589779553
0.6022036792428204
0.5366026474162936
0.5936406622914707
0.4484779212052229
0.5695979666142237
0.3720975114239587
0.6544476171334584
0.4610272992323931
0.3579674164721728
0.28442812718473237
0.41758278954947725
0.7797012307025768
0.5398630699885437
0.2905220967731984
0.4537463111214859
0.4819468122389582
0.37331608324139204
0.4820948218305906
0.4006998658180237
0.47978831954504675
0.4499184158962336
0.510195522352145
0.4610496625914211
0.5860739518998046
0.4467502534389496
0.4934359915042049
0.28082966575255763
0.600697926680247
0.5125160987136032
0.5943811985235365
0.44073237406338756
0.24757792552312216
0.4952618411633364
0.44087049946038415
0.5949321292800669
0.3817247922858621
0.5029273831549985
0.47061437283789853
0.24236417600983068
0.3374004514431054
0.48612522308272543
0.47756892087913694
0.4575957672336163
0.4864569810162112
0.4437792955469045
0.6974062072899606
0.449199084882383
0.5826738207113176
0.5760032330510837
0.38373310275566885
0.48510470414093754
0.4407163365561553
0.4844474997974577
0.395719010134538
0.41326674845601835
0.3508581966161728
0.46291961778293955
0.5326336974056608
0.47613945451437256
0.5908963337067574
0.4259698017963074
0.5116636868574455
0.49465463026648476
0.5874634941418966
0.45219287375609085
0.33148560818139605
0.40564144235695637
