0.6575107351876117
0.3840953193870086
0.22145841034528854
0.49532926481531087
0.2705730195259768
0.3246742861601051
0.22427742242870471
0.3087731107583258
0.2502008754639078
0.32324291725712756
0.2930470149876226
0.23194146502526117
0.32364418472212997
0.2686053458528466
0.41049182482143676
0.517443282875934
0.3980834872735107
0.321651401744764
0.35595696766033824
0.3749726963372416
0.392435261949409
0.2861136575084822
0.6202522148966014
0.30490424172817787
0.38645956015199573
0.3269893120210894
0.5539196266665569
0.46371411572813487
0.2481075840181994
0.3430499243407513
0.1937079152480504
0.3321783449104108
0.40316913980518587
0.7686930641464035
0.17814694886014693
0.16764305002677576
0.5371813058725284
0.3593542654056363
0.6496685201550556
0.5028229011035791
0.40565844350213326
0.43742788194366056
0.26492086604793935
0.24187643970277892
0.5285643240629685
0.3675812881443188
0.38097929412347126
0.2514364472500431
0.2898719093427106
0.35850969193720383
0.41243000225128196
0.392435261949409
0.5836929084466672
0.39777341860687154
0.17486033546298083
0.26286733627640435
0.3560034254665101
0.3272449306482843
0.22847760861707037
0.3725053263257932
0.398793864214926
0.27594216144327677
0.15175727940182424
0.27088361045767256
0.30044220964466967
0.174955704495627
0.24966886558266738
0.3781270873154954
0.15404146259147555
0.2676628032298596
0.4572509466381352
0.3501091274784657
0.18482790038890162
0.22779206757106477
0.18367390071716175
0.284722248823422
0.368595772391229
0.43073377498202214
0.44987144415813574
0.2938805361048108
0.19339409829531473
0.2004701935308195
0.27447068312641726
0.3080148964113866
0.232683023181321
0.2693004926707941
0.2921023060407604
0.1980517339289334
0.36376001685422443
0.20034829135337034
0.2685239216376082
0.2503988983568692
0.22830750751088924
0.24998505717624617
0.2651079507471556
0.4061380393953716
0.4354994633648973
0.2257634205004164
0.1949383246687792
0.24651033414132809
