0.7000000000000001
0.3076923076923077
0.29197080291970806
0.5192307692307692
0.31428571428571433
0.3125
0.19607843137254902
0.28125
0.2121212121212121
0.27906976744186046
0.2777777777777778
0.25
0.34234234234234234
0.2837837837837838
0.45161290322580644
0.5806451612903226
0.38461538461538464
0.34965034965034963
0.2945736434108527
0.33333333333333337
0.4
0.34782608695652173
0.6
0.37288135593220345
0.5
0.2882882882882883
0.5348837209302325
0.4166666666666667
0.3181818181818182
0.2992125984251969
0.23728813559322035
0.3181818181818182
0.37837837837837834
0.7272727272727274
0.15254237288135591
0.1111111111111111
0.4833333333333333
0.2857142857142857
0.6666666666666667
0.5
0.40776699029126207
0.3776223776223776
0.2406015037593985
0.2047244094488189
0.46153846153846156
0.3333333333333333
0.40559440559440557
0.2
0.30434782608695654
0.34328358208955223
0.366412213740458
0.4
0.5376344086021505
0.32000000000000006
0.1142857142857143
0.27067669172932335
0.42857142857142866
0.3283582089552239
0.22988505747126434
0.35555555555555557
0.44897959183673464
0.2518518518518518
0.14754098360655737
0.26666666666666666
0.2222222222222222
0.19607843137254902
0.3
0.3333333333333333
0.20168067226890757
0.3230769230769231
0.42666666666666664
0.29629629629629634
0.2380952380952381
0.3157894736842105
0.25196850393700787
0.30534351145038174
0.2903225806451613
0.4444444444444445
0.375
0.3055555555555555
0.12987012987012989
0.15384615384615383
0.20168067226890757
0.2833333333333334
0.1652892561983471
0.3230769230769231
0.23529411764705885
0.15254237288135594
0.2962962962962963
0.21875
0.19607843137254902
0.22900763358778625
0.18181818181818185
0.19642857142857145
0.30985915492957744
0.4444444444444444
0.4415584415584415
0.19607843137254902
0.15
0.22580645161290322
