0.45146395652382465
0.3475497401121891
0.5367728889657137
0.5601057736352941
0.5313119804417645
0.4797712753366943
0.5681349013848278
0.331607760186281
0.4576451314031763
0.4865284374609998
0.27439058276395945
0.5224704366104276
0.46255241807228253
0.40779447889044174
0.4832742359060229
0.651721676558624
0.6177907790499504
0.5104969539465727
0.4796057867311072
0.4154378686238218
0.6405948233273294
0.5084114345135512
0.48468997551216964
0.3178556448980874
0.3813628190093571
0.44296446585595006
0.5388149858256917
0.6348133116960526
0.6463720198561972
0.4947555582238059
0.37124505780992056
0.4882545718124935
0.5484430190681675
0.5999093433522216
0.57302652247664
0.5913183585393662
0.49761405609272147
0.5369872724016508
0.37639852894677056
0.6544476171334584
0.48288076682395
0.3710661991164575
0.4885029027508395
0.4019269321249255
0.6212182961128376
0.501867157361686
0.29369965068295467
0.4603148184899472
0.5609338067196034
0.34723627283914477
0.481372530616208
0.5543753491507635
0.48294631143411004
0.4499184158962336
0.43293704175702225
0.4256630029156748
0.46354339004365686
0.5403254796115179
0.4820840774074433
0.2726397247841725
0.6167599963290351
0.5570910984521126
0.5165188540327936
0.4560926410189846
0.24757792552312216
0.5016094783241423
0.4955606787617689
0.6648646039727293
0.3646117641375615
0.53777672994941
0.5059006720129937
0.2663233002026876
0.40744847329079603
0.5429096558803148
0.4371807514780202
0.40044330535111605
0.45163555812731804
0.4520111304986012
0.5919636956188414
0.4136370353400707
0.626691208787696
0.4802640458894154
0.3325900727913374
0.3901859586516385
0.4323008459370829
0.6838870763238054
0.38191377992431325
0.4274981594448831
0.5622141245338652
0.4682783609577733
0.5326336974056608
0.44744998108105166
0.6087741041940355
0.3733756596221455
0.5597623705072103
0.611444544224512
0.4752529952261183
0.5192632590730986
0.5348352771816831
0.34876315829654536
