0.47794037836569325
0.40450157296089895
0.5026783757400576
0.46876424630939734
0.49758596092830465
0.39205932306746644
0.5421459619014982
0.35843865937656827
0.4575614109083458
0.5212798785122614
0.33901870534533546
0.5245933504331679
0.5390740835924208
0.48884018112427347
0.5086209471091563
0.6799587298690537
0.6521584176933848
0.5673814578851064
0.4475507400562595
0.46101479553542357
0.5678320358196894
0.7006907634213699
0.6324271311362584
0.27939429437672647
0.31008430901500916
0.47516723939465355
0.5390641935353662
0.5812875331482954
0.6291565049868113
0.5041130681286802
0.32905418516466856
0.466943539513482
0.5829167561950507
0.5999093433522216
0.5261934718471908
0.5541084513944738
0.46284360879312747
0.5645326763864548
0.3325013260046641
0.7797774297850473
0.48495345146025004
0.44590570562415655
0.4045730515051216
0.41354795255327736
0.7075750116948728
0.42613266866191546
0.31019495743886694
0.3900650570947657
0.48940364817778276
0.3815013255951581
0.5026840348746262
0.42088978135067484
0.43606406729802766
0.47048738445991123
0.5209892214840031
0.45734365153860057
0.4877595843055299
0.5432896669388088
0.4158695023211222
0.2805539606922892
0.6243130658511762
0.5779749031982616
0.4450780980508614
0.5485797085666749
0.4737043756025809
0.4448296740714811
0.418911233789103
0.6418783199639968
0.40910779827001087
0.4759931566991976
0.5221636516782686
0.3217698490261135
0.4316190223898778
0.5528599736295239
0.38599038788508544
0.5134510600998177
0.45329611217420474
0.433375013595099
0.7627490139669842
0.3642531240151988
0.6010224795530712
0.5147300645742827
0.26037218402593565
0.6115897670664169
0.4036331396910602
0.5722771895329946
0.4371743345576705
0.31348154321312904
0.4044367041852739
0.62504413790173
0.4990216691925628
0.4709459003791505
0.5897611947759749
0.45707817318090316
0.5320586415736571
0.4173341048142266
0.5110837638378143
0.2938424058755239
0.39101854147333087
0.4101553598625792
