0.4438685922435036
0.4000220674844015
0.5509201974374913
0.588702024629217
0.5152691119798908
0.5413161060876316
0.494335465014927
0.2913398023372815
0.3827234782160274
0.4219130930446443
0.36142692565917967
0.47325360821742635
0.4937798721086565
0.49908274964050015
0.3785235675597432
0.6220546914471521
0.5867416787629176
0.5629355042751388
0.4091179445385933
0.45755584491991697
0.6422282290679436
0.6149061944013761
0.6387958886722724
0.3210451795774347
0.38150342471069765
0.413899895104796
0.5882947981633522
0.6398218368076616
0.6434368442431759
0.5185145029150626
0.4092400260860958
0.5572157469060686
0.548030288958991
0.40448627417737787
0.6462855982697673
0.6126651167285209
0.41665365436562785
0.6253305843898228
0.29641891320546465
0.6909056425094604
0.4713569405004959
0.4086707992055429
0.38348889699386013
0.37850378702812526
0.42486838720462944
0.4702011747038183
0.2986365026897854
0.5526559698687057
0.4771309774782923
0.3740394983026716
0.507918548087279
0.546404832932684
0.4729623893896739
0.29307917932159877
0.30278119134005677
0.5244139071349956
0.5670860162487736
0.41236675055254074
0.37399319981141066
0.29394160295144106
0.5058556805763925
0.5284159623532213
0.4918179888438746
0.5863120365909666
0.47875317158522435
0.5283227245777081
0.40323961689358667
0.5971301285506098
0.3934936388690248
0.5803691811031766
0.4871359791050747
0.25873237795997084
0.4129415435477194
0.45973897141338593
0.2469943568820045
0.4824122205177201
0.4596051711077783
0.43074869250785447
0.6353324881527158
0.4540778140227
0.5940441878069015
0.4817914058175873
0.2474465911459719
0.46077716634781274
0.37296316578962757
0.47149094513484413
0.45449040283759434
0.4175721138828632
0.3550647811757194
0.33131705456309846
0.5350785504423851
0.43097166401498455
0.6046105726843789
0.3625321294526634
0.4937335100726805
0.4428432191175128
0.6499962226108269
0.4204820376303461
0.6669749274613366
0.4283969697232048
