0.6876515515775398
0.3372949318299475
0.35104461551188726
0.5361336941193694
0.2345259483249232
0.3683168595448454
0.3677254193935618
0.22967350199957576
0.1944482483365101
0.20583255775258852
0.21320244607744077
0.26373476860618067
0.3586512374018138
0.28396420339154244
0.22471024342144086
0.44234033563767533
0.3835618413363979
0.20594554693437164
0.28272120665467865
0.40197442754275803
0.3657792468595297
0.4471776995711448
0.5050850749770192
0.28143426675308225
0.38645956015199573
0.3256585141588535
0.3005123984939185
0.37585074291048604
0.2481075840181994
0.31167516979446114
0.2162483679975407
0.27629427662774897
0.3749702519992163
0.41703384745149186
0.12027360947602292
0.2707661729868565
0.3257415638585968
0.5099853225243688
0.4218253882989917
0.5028229011035791
0.19558926744516003
0.3316625502742278
0.2622904851998421
0.14848801795647992
0.4218253882989917
0.3434385920107613
0.29927694705489405
0.2384323101829185
0.24068431391563413
0.304047059359052
0.2530090213085911
0.26886592953735683
0.25175232402111175
0.39777341860687154
0.15385704287548488
0.2935056718946508
0.2948081238026124
0.4642791770788505
0.22293359894623152
0.24287721344505614
0.29881224053085564
0.2600907937476597
0.15315060637273376
0.1407122187280866
0.26886592953735683
0.2533552900151445
0.161505710923904
0.3623667519685246
0.198807997697207
0.2890786204550923
0.40405419700087236
0.20066659000814677
0.19109473403216376
0.3061859979660863
0.1822172821383275
0.3931653611904525
0.41871385093890484
0.32477658806073045
0.6636242534995634
0.3399543650156491
0.23866570811704887
0.25418474217810333
0.2287301331883256
0.2587311097562267
0.1744096886757471
0.1902715823666971
0.23071626708431997
0.22628124764578897
0.3438379986264703
0.1631475915655957
0.2685239216376082
0.2915211847849777
0.3391489191870259
0.26799457682807054
0.18846436266605243
0.4510128094643304
0.4505942540666217
0.37565968183125925
0.2441113185575189
0.2384463404887135
