0.44989759944103386
0.35976960234569777
0.5788039538480569
0.49384875764944236
0.49192870141547407
0.29598530145982904
0.5530905074306897
0.31806374159793127
0.40983536676544785
0.4985904064443376
0.33282542938277837
0.5246808628241221
0.5469103828072548
0.4436316933696117
0.513939509269866
0.7346818274185981
0.6762012165002149
0.548295138279597
0.5926659453798223
0.44825008803259125
0.5295634572704633
0.5477709152080394
0.47803944526683717
0.3750459943331924
0.31800367434819543
0.4142143224626278
0.5427385617369487
0.6135407891538408
0.651803389587498
0.5091675303430638
0.3627340451434807
0.4870564493649754
0.6078136640566366
0.5942971397830983
0.6241610271235307
0.6262606705228487
0.4646450591781152
0.5757538207939693
0.30284738226069347
0.6572740683952967
0.5265710618375807
0.3904104074361797
0.4128082068575021
0.3148937852753999
0.5836421454394305
0.4286637989589072
0.24843858449887007
0.4103913580377896
0.4172916799783707
0.3723151290858233
0.48969464639517646
0.5386410635378626
0.5301660103536157
0.2457824940355415
0.451761220593179
0.44159823422979194
0.48505653965252415
0.46607452180351727
0.4448825230674138
0.2589139215372227
0.6601633481563084
0.5712513728562184
0.5535193742688159
0.4587289274784556
0.49436313796926423
0.608493765997581
0.42358287550784923
0.7109347214468669
0.27566420840911376
0.4785006075269646
0.3951459144998645
0.26580074931445874
0.3955344924386942
0.5673231297370159
0.29285202267624083
0.5948305154877254
0.44197438968942054
0.48513930154698237
0.6007134392526414
0.5123927360489254
0.6376678167827545
0.5091384297640866
0.3209703747278605
0.5033390517387326
0.48069098312043984
0.659157904880072
0.4615974759062131
0.34384089397887385
0.5794135199652778
0.5054100338617961
0.5041784199125353
0.48788512461617883
0.4789630188828423
0.412528306331002
0.47638016024137525
0.24246589626584736
0.6315159560353667
0.6730065393779012
0.39182388640585397
0.46572691202163696
