0.47203309971977164
0.3259102462174056
0.5269109697052926
0.4804059721314089
0.43743197877465945
0.5875394923819436
0.5450425981765701
0.5325884912117028
0.40759918974742054
0.5299989448653327
0.33987003777708324
0.5247537201526118
0.47036556274066743
0.4425738092705055
0.44585596510406694
0.6884718618275207
0.6355323000711902
0.6116420871113974
0.5278995430993813
0.3766320602708813
0.5678320358196894
0.7222150652864834
0.6324271311362584
0.32402144800993354
0.3813628190093571
0.4127596952635072
0.5383488275570634
0.5915220620271601
0.6463720198561972
0.5561907392027032
0.297967053358517
0.4640470332569546
0.5721785868838349
0.6220949371204232
0.6658046652252475
0.6144215156342469
0.49011065887395666
0.5903769433498383
0.4241616785526276
0.6544476171334584
0.5615984393747381
0.3572757714324527
0.4872652389044281
0.41365854608756236
0.7075750116948728
0.4272122806412917
0.34546277691156435
0.45766559925544936
0.5604294283301743
0.4629724353360824
0.5026840348746262
0.4596189575062858
0.45963172732837615
0.4499184158962336
0.4824758671945141
0.47266836076684393
0.5616817478981082
0.4583410661543946
0.42551757664907547
0.2790230643618238
0.6379321392566438
0.5660234548501735
0.5697209936015459
0.44823000693356085
0.24757792552312216
0.5317997162085895
0.5229094930173118
0.7113759335912304
0.35285553498527944
0.4869036216479845
0.5609942578140719
0.4502828546434815
0.40580093303816367
0.5358850553994794
0.32992304959794977
0.5900977667651058
0.44838829902039856
0.44685711387967886
0.6249287197656102
0.4565390589336554
0.7342869688804398
0.6019397774804751
0.3097973830806903
0.4175634071230888
0.5383707405099966
0.5249131471312866
0.5427348644344092
0.40137215952078503
0.3967115316126082
0.6155574777110258
0.5494729804365259
0.41951620800822387
0.560973147338345
0.38564889973314553
0.6103492656977071
0.49465463026648476
0.6869370644843136
0.469279520213604
0.44527352404112774
0.42935906710724037
