0.39024390243902435
0.11320754716981132
0.25
0.5
0.08955223880597013
0.16666666666666669
0.21428571428571427
0.12598425196850394
0.031746031746031744
0.06557377049180328
0.06451612903225806
0.05970149253731343
0.18867924528301885
0.1388888888888889
0.07692307692307693
0.33333333333333337
0.1694915254237288
0.06837606837606837
0.18604651162790697
0.22033898305084743
0.08695652173913045
0.2173913043478261
0.3913043478260869
0.07547169811320756
0.13333333333333333
0.19672131147540983
0.17391304347826086
0.18181818181818182
0.04444444444444444
0.07207207207207207
0.07692307692307693
0.16793893129770993
0.08333333333333333
0.6521739130434783
0.08771929824561403
0.03773584905660378
0.16822429906542055
0.2
0.3448275862068966
0.30769230769230765
0.1414141414141414
0.19259259259259257
0.06557377049180328
0.08333333333333333
0.08
0.29090909090909095
0.1652892561983471
0.06779661016949151
0.36000000000000004
0.19696969696969696
0.22556390977443605
0.18
0.08219178082191782
0.17391304347826086
0.056074766355140186
0.10852713178294572
0.1568627450980392
0.1818181818181818
0.0930232558139535
0.06060606060606061
0.25
0.16541353383458646
0.05042016806722689
0.07079646017699116
0.0
0.10309278350515462
0.08888888888888888
0.15625
0.0
0.18487394957983191
0.304635761589404
0.10389610389610389
0.11200000000000003
0.13432835820895522
0.0
0.253968253968254
0.1889763779527559
0.2047244094488189
0.22222222222222224
0.19178082191780824
0.11627906976744186
0.10937500000000001
0.12903225806451613
0.18644067796610167
0.12698412698412698
0.22058823529411767
0.08620689655172413
0.049586776859504134
0.0
0.2096774193548387
0.0425531914893617
0.14400000000000002
0.1075268817204301
0.12068965517241378
0.14084507042253522
0.0
0.2318840579710145
0.04123711340206186
0.03252032520325203
0.15384615384615385
