0.6202939142271009
0.2515549307018017
0.5621376001724491
0.44568321879567774
0.5281166000130735
0.5803676086167494
0.5184717414871094
0.5078337366924148
0.3301434390759342
0.4468316230824385
0.43507604005317835
0.5569031891444576
0.5161871066064011
0.3639897952477137
0.39361555603417486
0.5929112243063656
0.6162005465812784
0.39689926324067293
0.47755963821904823
0.46433186337640886
0.7315425866179996
0.6871043084948152
0.41750548938007065
0.6180711780887803
0.6343928438921769
0.38719575699273645
0.5082706097099516
0.4828341753532489
0.48382314366903917
0.5796804155280612
0.5695495969719357
0.45963681538899737
0.5385993790847284
0.6163614386259907
0.41491960796217126
0.6601023384614263
0.4270358079204372
0.4321210469518389
0.4164496885405647
0.7781604969501495
0.49324727434813576
0.42257566422591974
0.43611079060737
0.46677295457594414
0.6636756592326694
0.44915450525935463
0.3094537415347256
0.4910959999841701
0.5300704079204135
0.3219483830034733
0.3056584984241497
0.4373653877349126
0.576691859771335
0.6053839728363558
0.4371506711953103
0.38633570075906504
0.5200337176705584
0.36627755616865465
0.3624293371588254
0.2716797704880054
0.656274486155737
0.6397431966739207
0.3068771922263969
0.41225938825753694
0.2916625890466902
0.7678354405439817
0.4263988411710376
0.6571424332919553
0.39312134221450895
0.5885310253157975
0.46420544696648447
0.4864118000618497
0.4413639581255366
0.45229643974641354
0.3642143727768035
0.5700978957041496
0.480776584258786
0.3813619765497389
0.5499015586685252
0.2862615924742487
0.4665743261575699
0.4480854774278308
0.2916642130949558
0.5167095785858119
0.4306524756439638
0.6142507051980054
0.4986911120198707
0.4838836664254339
0.6416330867343478
0.3818342042190057
0.5668920710160021
0.3958496163448123
0.5974176678581842
0.35332868611987706
0.5475220395534843
0.42511724881709567
0.3217239110558121
0.35389919703205425
0.40407359948405974
0.48092637773327257
