1.0
0.5090909090909091
0.421875
0.828125
0.7252747252747253
1.0
0.5245901639344263
1.0
1.0
0.30399999999999994
0.6896551724137931
0.7446808510638298
0.7857142857142857
0.4
0.5499999999999999
1.0
0.4160000000000001
0.5352112676056338
0.4671532846715329
0.6715328467153284
1.0
0.6
0.7450980392156863
0.7941176470588235
0.8837209302325582
0.2692307692307693
1.0
0.7727272727272727
1.0
0.7169811320754718
1.0
0.21848739495798317
0.983050847457627
1.0
0.3846153846153846
1.0
0.5785123966942148
1.0
1.0
1.0
1.0
0.2786885245901639
0.527027027027027
1.0
1.0
0.5098039215686275
0.3565891472868217
0.4651162790697675
1.0
0.4892086330935252
0.25641025641025644
0.2222222222222222
1.0
1.0
0.5190839694656488
0.4360902255639098
1.0
0.4964539007092198
0.4329896907216495
0.4492753623188406
1.0
1.0
0.6103896103896104
0.21428571428571425
0.6086956521739131
0.5
0.2857142857142857
0.9803921568627451
0.5833333333333334
0.22807017543859648
0.8666666666666666
0.4186046511627907
0.7044025157232704
0.5255474452554745
0.2809917355371901
1.0
0.34146341463414637
0.44274809160305345
1.0
0.5679012345679012
0.2926829268292683
0.2666666666666667
0.22608695652173913
0.9304812834224598
0.7195121951219512
0.4444444444444445
0.43750000000000006
0.4626865671641791
1.0
0.3140495867768595
0.9772727272727273
0.3174603174603175
0.9764705882352941
0.98989898989899
0.9126213592233009
1.0
0.4117647058823529
0.2641509433962264
0.2222222222222222
0.8602150537634409
