1.0
0.579981510140471
0.49970352598892886
0.8563357225291763
0.7692579512707968
1.0
0.5939568285225567
1.0
1.0
0.38541887843218287
0.738759673657717
0.785790734047166
0.8202362714343748
0.479064623952884
0.6167045845639698
1.0
0.49418259059547315
0.6034892104058333
0.5417502708746381
0.7231590604920209
1.0
0.6609305034630082
0.7861455571975967
0.8276803381062198
0.9029667480521171
0.3499914709310549
1.0
0.8095926581421138
1.0
0.7621751306217077
1.0
0.29641201728897854
0.9858752929085529
1.0
0.464409428474863
1.0
0.6420060921692029
1.0
1.0
1.0
1.0
0.35972209912326936
0.5961470281273296
1.0
1.0
0.5806261543538092
0.4373900461458621
0.5398766971009363
1.0
0.5619354173033302
0.33668068587370054
0.30044220964466967
1.0
1.0
0.5890009931240507
0.5129977917320795
1.0
0.5685275142222629
0.5101057299735655
0.5252505415229978
1.0
1.0
0.6700395720456167
0.2918599558286015
0.6685561659612617
0.5717471925858446
0.36690392638114433
0.9836332258084678
0.6462622670657082
0.3067229889186718
0.8886865375239262
0.4966322257975752
0.7514120347310641
0.5948174368013274
0.3620807745489016
1.0
0.42262170392093473
0.5191940197142396
1.0
0.6326161899587084
0.373989459037523
0.34734060712768133
0.3045969858117046
0.942039175390735
0.7639688491791238
0.5207697439159842
0.5143113996305323
0.5376398049006367
1.0
0.39549105617510055
0.9810244150029778
0.39889352680580453
0.9803533537595001
0.9915753781515947
0.9271277018056484
1.0
0.49019262446509493
0.3447343391299818
0.30044220964466967
0.8832792415793977
