1.0
0.4905660377358491
0.41269841269841273
0.8253968253968255
0.7191011235955056
1.0
0.5084745762711864
1.0
1.0
0.2926829268292683
0.6823529411764707
0.7391304347826086
0.7681159420289854
0.39097744360902253
0.5423728813559322
1.0
0.40650406504065045
0.5285714285714286
0.45925925925925926
0.6666666666666666
1.0
0.5833333333333334
0.7346938775510204
0.787878787878788
0.878048780487805
0.25490196078431376
1.0
0.7674418604651162
1.0
0.713375796178344
1.0
0.20512820512820512
0.9827586206896551
1.0
0.375
1.0
0.5714285714285715
1.0
1.0
1.0
1.0
0.2666666666666667
0.5205479452054794
1.0
1.0
0.5
0.3464566929133859
0.4566929133858268
1.0
0.4817518248175182
0.2434782608695652
0.20253164556962025
1.0
1.0
0.5116279069767442
0.4274809160305344
1.0
0.4892086330935252
0.4210526315789474
0.4411764705882353
1.0
1.0
0.6052631578947368
0.19999999999999998
0.5714285714285715
0.49122807017543857
0.27350427350427353
0.96
0.5774647887323945
0.21428571428571425
0.8651685393258427
0.40476190476190477
0.7006369426751593
0.5185185185185185
0.2689075630252101
1.0
0.3305785123966942
0.434108527131783
1.0
0.5569620253164557
0.27499999999999997
0.2542372881355932
0.21238938053097342
0.9297297297297298
0.7037037037037037
0.4360902255639098
0.42857142857142855
0.45454545454545453
1.0
0.3025210084033613
0.9534883720930233
0.3064516129032258
0.9642857142857143
0.9795918367346939
0.9108910891089108
1.0
0.393939393939394
0.25
0.20869565217391306
0.8586956521739131
