0.4432526363266839
0.25545615883487643
0.6012671235948801
0.542699213942577
0.34208723599160157
0.5568079619357983
0.465835991123366
0.33990211696536454
0.31501212952628965
0.4513702816223131
0.22575191136390443
0.6349722503447065
0.39486238890224035
0.40067977941146604
0.3868841548459699
0.3715652315704911
0.5323422441854821
0.3593369063658592
0.5063094149033228
0.3323910464475184
0.501060136159261
0.4442722102006277
0.43483915295274483
0.39345573041619375
0.37428898115952813
0.5296457792923909
0.40185553994443685
0.6304217440846525
0.44228830387485424
0.3795429869340016
0.24092614385816785
0.4889837606085671
0.4664378621511989
0.5917623463754703
0.5766520157811188
0.27749932279773787
0.4335992084609137
0.5201544979261974
0.2910849087768131
0.40145711799462636
0.4462095779129921
0.2766990269775744
0.4124856959061322
0.2554178877935045
0.7560076812903086
0.38154637770715105
0.231554835397973
0.5577073632638692
0.5210155612892574
0.40635769731468624
0.2796536878283535
0.338473473323716
0.39676413543167566
0.24807900152145287
0.3736714481666524
0.4029234613890238
0.43548261857143156
0.36183617843521965
0.3751461375011969
0.2654787247831171
0.5288045142378126
0.499227596059484
0.48082707085712156
0.40555769668187114
0.49048263496822786
0.4528100967789308
0.4352148720087149
0.41341984235210183
0.23632596628448563
0.3359844927986463
0.2896298172495074
0.24626551716648348
0.36174837619347394
0.5647541041154023
0.3125815342132797
0.5219530265088435
0.44197438968942054
0.36633830340135665
0.6814983708328671
0.23179328507847258
0.5764542982691809
0.5039655319552303
0.2700905722175908
0.5719335521536845
0.24369438209316946
0.6232245532529694
0.4759812384015984
0.3600981789468615
0.3114371241794692
0.2847416786920457
0.3168080088339354
0.28510209808454795
0.22441237228257316
0.39629257392940426
0.3110390639823416
0.6145221065907251
0.5743754594414323
0.46304458457799186
0.22608068585395813
0.24363941413660845
