0.28824400195369015
0.31996869751901336
0.360572158669432
0.31580122701566793
0.4766972960421333
0.6299325591574113
0.2454859578893298
0.3137580272224214
0.4446158349198639
0.44751879546587636
0.257764113233203
0.38561364575928336
0.23576410859823227
0.30072100184581896
0.4361617836616468
0.3680342808365822
0.5070725799811007
0.3200055862880415
0.41037668944114725
0.3850893708658807
0.6473445132374763
0.5049266588908655
0.5211643152766757
0.4113506330968508
0.3813628190093571
0.3766237378120422
0.23725963052776125
0.6100174697529939
0.24660833023096385
0.4064723072907863
0.3697459397334901
0.3800671524471707
0.37110197254353094
0.22281597554683685
0.3502722517276804
0.5192232870003757
0.4587062588184747
0.44975541673955466
0.26671289006869
0.39284564576767106
0.40984039436015046
0.4732525271398049
0.23916211385514513
0.4021150624132498
0.5268037462676013
0.503025102118651
0.23199408329450166
0.5446187484832037
0.40301869360227427
0.29323434291614425
0.24413273235162097
0.3822493292466559
0.27730172494101146
0.36136953178633996
0.2652939646474777
0.279235953973947
0.4727591690089967
0.3156809242708342
0.2486559963888592
0.2889423968954983
0.2776432348149164
0.2660175818246561
0.27045487769606974
0.2931405518138618
0.33834585657826177
0.2987196907019004
0.5387663997056191
0.4685771415171064
0.3217879207470478
0.3763012734966146
0.2990132931069658
0.23869455854098
0.25061739465725497
0.335147600763976
0.25052489464481675
0.24365763355184483
0.34370500992994013
0.3457796390438493
0.32522746622562404
0.23470112673110433
0.5410886066300529
0.36992017068222266
0.23095086318814856
0.33617739202799624
0.3046027593540423
0.613097798693311
0.23975108481115764
0.23698586747050285
0.26077261981036925
0.28792702110986856
0.3086999388756575
0.2389874650316746
0.3797232738562993
0.44351539881724233
0.266472387758101
0.4226261015449252
0.5891165505680773
0.25947190986739266
0.45952708161238465
0.2412375801553329
